id, pred
0, 6
1, 1
2, 4
3, 1
4, 9
5, 7
6, 5
7, 4
8, 9
9, 2
10, 6
11, 2
12, 3
13, 0
14, 6
15, 5
16, 1
17, 6
18, 6
19, 0
20, 4
21, 0
22, 3
23, 3
24, 5
25, 7
26, 5
27, 3
28, 5
29, 4
30, 6
31, 2
32, 9
33, 4
34, 0
35, 1
36, 0
37, 0
38, 9
39, 1
40, 3
41, 1
42, 6
43, 2
44, 2
45, 3
46, 2
47, 8
48, 6
49, 7
50, 7
51, 7
52, 2
53, 4
54, 0
55, 9
56, 3
57, 9
58, 5
59, 0
60, 8
61, 7
62, 8
63, 9
64, 6
65, 8
66, 8
67, 4
68, 6
69, 8
70, 9
71, 0
72, 0
73, 4
74, 6
75, 8
76, 2
77, 5
78, 0
79, 2
80, 4
81, 0
82, 1
83, 4
84, 3
85, 5
86, 4
87, 2
88, 9
89, 2
90, 2
91, 2
92, 7
93, 9
94, 4
95, 5
96, 9
97, 4
98, 8
99, 3
100, 1
101, 1
102, 9
103, 2
104, 8
105, 7
106, 9
107, 7
108, 7
109, 4
110, 7
111, 7
112, 0
113, 2
114, 3
115, 9
116, 4
117, 7
118, 6
119, 0
120, 5
121, 5
122, 2
123, 5
124, 1
125, 5
126, 6
127, 8
128, 5
129, 2
130, 9
131, 8
132, 2
133, 8
134, 1
135, 8
136, 6
137, 7
138, 3
139, 7
140, 8
141, 6
142, 6
143, 9
144, 2
145, 0
146, 7
147, 4
148, 0
149, 1
150, 3
151, 5
152, 7
153, 8
154, 0
155, 7
156, 5
157, 1
158, 2
159, 2
160, 6
161, 3
162, 8
163, 2
164, 2
165, 7
166, 8
167, 3
168, 1
169, 0
170, 4
171, 0
172, 7
173, 7
174, 7
175, 3
176, 6
177, 8
178, 2
179, 7
180, 9
181, 8
182, 2
183, 9
184, 1
185, 3
186, 0
187, 6
188, 3
189, 7
190, 4
191, 2
192, 3
193, 6
194, 7
195, 7
196, 5
197, 0
198, 8
199, 1
200, 0
201, 0
202, 0
203, 4
204, 2
205, 2
206, 2
207, 6
208, 4
209, 1
210, 7
211, 4
212, 3
213, 9
214, 8
215, 2
216, 7
217, 5
218, 4
219, 6
220, 2
221, 6
222, 3
223, 3
224, 2
225, 4
226, 2
227, 9
228, 6
229, 9
230, 3
231, 2
232, 8
233, 8
234, 2
235, 0
236, 8
237, 0
238, 1
239, 1
240, 6
241, 5
242, 0
243, 7
244, 3
245, 0
246, 8
247, 6
248, 8
249, 7
250, 6
251, 0
252, 0
253, 9
254, 6
255, 7
256, 0
257, 6
258, 3
259, 4
260, 5
261, 6
262, 0
263, 0
264, 3
265, 9
266, 8
267, 5
268, 9
269, 0
270, 6
271, 5
272, 3
273, 5
274, 8
275, 3
276, 2
277, 6
278, 7
279, 9
280, 0
281, 1
282, 3
283, 8
284, 6
285, 5
286, 8
287, 8
288, 1
289, 9
290, 3
291, 9
292, 1
293, 5
294, 3
295, 4
296, 3
297, 0
298, 7
299, 9
300, 4
301, 1
302, 3
303, 4
304, 5
305, 6
306, 2
307, 5
308, 3
309, 6
310, 7
311, 6
312, 9
313, 8
314, 2
315, 2
316, 6
317, 9
318, 7
319, 8
320, 6
321, 2
322, 3
323, 8
324, 7
325, 6
326, 2
327, 2
328, 3
329, 0
330, 4
331, 1
332, 0
333, 9
334, 8
335, 7
336, 7
337, 6
338, 8
339, 0
340, 8
341, 7
342, 7
343, 8
344, 1
345, 1
346, 6
347, 2
348, 3
349, 8
350, 7
351, 4
352, 5
353, 4
354, 7
355, 0
356, 0
357, 5
358, 4
359, 1
360, 2
361, 7
362, 3
363, 0
364, 5
365, 8
366, 0
367, 0
368, 1
369, 3
370, 4
371, 7
372, 8
373, 9
374, 0
375, 2
376, 3
377, 7
378, 2
379, 0
380, 1
381, 6
382, 2
383, 6
384, 7
385, 8
386, 8
387, 2
388, 4
389, 0
390, 4
391, 2
392, 5
393, 8
394, 5
395, 4
396, 6
397, 7
398, 8
399, 3
400, 3
401, 9
402, 1
403, 1
404, 1
405, 7
406, 0
407, 5
408, 6
409, 3
410, 7
411, 3
412, 6
413, 4
414, 7
415, 8
416, 4
417, 7
418, 9
419, 7
420, 4
421, 9
422, 1
423, 8
424, 0
425, 3
426, 3
427, 8
428, 9
429, 7
430, 6
431, 3
432, 4
433, 0
434, 7
435, 2
436, 3
437, 4
438, 7
439, 1
440, 3
441, 9
442, 5
443, 7
444, 8
445, 4
446, 4
447, 1
448, 6
449, 4
450, 4
451, 3
452, 0
453, 2
454, 2
455, 2
456, 3
457, 0
458, 1
459, 6
460, 0
461, 7
462, 1
463, 4
464, 2
465, 2
466, 5
467, 3
468, 4
469, 8
470, 9
471, 7
472, 9
473, 8
474, 0
475, 1
476, 0
477, 2
478, 2
479, 4
480, 5
481, 4
482, 0
483, 8
484, 8
485, 0
486, 9
487, 0
488, 6
489, 8
490, 1
491, 5
492, 2
493, 6
494, 3
495, 9
496, 2
497, 1
498, 4
499, 4
500, 1
501, 8
502, 2
503, 0
504, 3
505, 7
506, 4
507, 1
508, 7
509, 5
510, 0
511, 3
512, 4
513, 0
514, 2
515, 2
516, 8
517, 9
518, 1
519, 5
520, 8
521, 2
522, 3
523, 3
524, 9
525, 3
526, 7
527, 0
528, 9
529, 0
530, 0
531, 6
532, 0
533, 2
534, 9
535, 0
536, 1
537, 9
538, 0
539, 2
540, 3
541, 8
542, 3
543, 6
544, 4
545, 0
546, 8
547, 1
548, 5
549, 0
550, 0
551, 9
552, 7
553, 9
554, 4
555, 7
556, 0
557, 3
558, 1
559, 5
560, 5
561, 7
562, 8
563, 7
564, 4
565, 0
566, 9
567, 3
568, 1
569, 4
570, 1
571, 7
572, 0
573, 1
574, 2
575, 0
576, 6
577, 1
578, 6
579, 2
580, 9
581, 3
582, 2
583, 9
584, 3
585, 5
586, 7
587, 3
588, 8
589, 8
590, 8
591, 7
592, 5
593, 2
594, 0
595, 8
596, 9
597, 7
598, 2
599, 5
600, 2
601, 9
602, 3
603, 1
604, 6
605, 2
606, 3
607, 7
608, 0
609, 6
610, 2
611, 5
612, 2
613, 7
614, 3
615, 1
616, 2
617, 3
618, 1
619, 0
620, 3
621, 5
622, 9
623, 6
624, 7
625, 0
626, 6
627, 3
628, 2
629, 7
630, 4
631, 9
632, 5
633, 7
634, 0
635, 5
636, 1
637, 8
638, 4
639, 5
640, 2
641, 1
642, 0
643, 7
644, 7
645, 0
646, 0
647, 5
648, 4
649, 7
650, 7
651, 5
652, 1
653, 2
654, 9
655, 7
656, 4
657, 6
658, 7
659, 0
660, 9
661, 4
662, 1
663, 2
664, 5
665, 7
666, 1
667, 0
668, 8
669, 9
670, 4
671, 7
672, 9
673, 0
674, 9
675, 0
676, 2
677, 6
678, 5
679, 9
680, 9
681, 3
682, 0
683, 0
684, 0
685, 9
686, 2
687, 6
688, 1
689, 5
690, 5
691, 9
692, 5
693, 9
694, 5
695, 7
696, 9
697, 0
698, 4
699, 0
700, 1
701, 3
702, 2
703, 3
704, 4
705, 8
706, 4
707, 2
708, 1
709, 3
710, 0
711, 3
712, 3
713, 5
714, 0
715, 3
716, 9
717, 5
718, 4
719, 6
720, 9
721, 8
722, 1
723, 7
724, 8
725, 4
726, 4
727, 0
728, 0
729, 7
730, 1
731, 1
732, 5
733, 4
734, 0
735, 2
736, 5
737, 6
738, 7
739, 0
740, 3
741, 5
742, 2
743, 1
744, 8
745, 1
746, 8
747, 0
748, 0
749, 7
750, 2
751, 9
752, 7
753, 0
754, 5
755, 9
756, 4
757, 6
758, 8
759, 7
760, 3
761, 9
762, 6
763, 3
764, 8
765, 9
766, 7
767, 0
768, 3
769, 1
770, 9
771, 4
772, 5
773, 9
774, 5
775, 3
776, 7
777, 8
778, 8
779, 0
780, 0
781, 2
782, 8
783, 0
784, 4
785, 3
786, 8
787, 2
788, 2
789, 0
790, 3
791, 1
792, 2
793, 4
794, 2
795, 9
796, 1
797, 9
798, 7
799, 2
800, 4
801, 7
802, 8
803, 7
804, 6
805, 7
806, 8
807, 0
808, 4
809, 6
810, 9
811, 7
812, 9
813, 6
814, 8
815, 4
816, 1
817, 0
818, 0
819, 0
820, 8
821, 7
822, 0
823, 1
824, 0
825, 1
826, 4
827, 3
828, 3
829, 1
830, 5
831, 6
832, 2
833, 1
834, 3
835, 5
836, 7
837, 0
838, 5
839, 2
840, 7
841, 1
842, 4
843, 5
844, 8
845, 1
846, 6
847, 8
848, 8
849, 5
850, 9
851, 8
852, 4
853, 2
854, 5
855, 1
856, 2
857, 5
858, 7
859, 9
860, 8
861, 0
862, 3
863, 4
864, 0
865, 5
866, 7
867, 2
868, 2
869, 2
870, 3
871, 8
872, 6
873, 0
874, 1
875, 3
876, 4
877, 0
878, 7
879, 2
880, 4
881, 5
882, 9
883, 6
884, 9
885, 3
886, 3
887, 4
888, 4
889, 1
890, 0
891, 4
892, 1
893, 7
894, 8
895, 7
896, 4
897, 2
898, 2
899, 1
900, 2
901, 7
902, 9
903, 4
904, 0
905, 8
906, 5
907, 1
908, 2
909, 3
910, 7
911, 8
912, 9
913, 7
914, 9
915, 5
916, 0
917, 5
918, 8
919, 5
920, 3
921, 0
922, 0
923, 4
924, 2
925, 4
926, 1
927, 1
928, 6
929, 7
930, 1
931, 8
932, 8
933, 6
934, 3
935, 1
936, 0
937, 5
938, 5
939, 1
940, 5
941, 0
942, 6
943, 3
944, 0
945, 9
946, 9
947, 3
948, 3
949, 2
950, 0
951, 4
952, 6
953, 7
954, 2
955, 7
956, 6
957, 3
958, 4
959, 3
960, 7
961, 9
962, 0
963, 8
964, 1
965, 4
966, 3
967, 3
968, 8
969, 3
970, 5
971, 7
972, 4
973, 3
974, 4
975, 2
976, 6
977, 1
978, 5
979, 2
980, 6
981, 1
982, 4
983, 4
984, 2
985, 7
986, 0
987, 6
988, 6
989, 0
990, 2
991, 8
992, 7
993, 4
994, 8
995, 7
996, 3
997, 0
998, 4
999, 1
1000, 6
1001, 0
1002, 9
1003, 6
1004, 1
1005, 1
1006, 1
1007, 4
1008, 8
1009, 1
1010, 2
1011, 0
1012, 4
1013, 9
1014, 4
1015, 7
1016, 7
1017, 6
1018, 6
1019, 0
1020, 3
1021, 6
1022, 5
1023, 6
1024, 7
1025, 8
1026, 4
1027, 3
1028, 7
1029, 0
1030, 3
1031, 7
1032, 1
1033, 8
1034, 6
1035, 6
1036, 0
1037, 7
1038, 1
1039, 9
1040, 0
1041, 4
1042, 8
1043, 2
1044, 2
1045, 2
1046, 5
1047, 7
1048, 3
1049, 5
1050, 0
1051, 2
1052, 6
1053, 0
1054, 5
1055, 0
1056, 1
1057, 8
1058, 9
1059, 3
1060, 3
1061, 7
1062, 9
1063, 3
1064, 0
1065, 0
1066, 2
1067, 5
1068, 7
1069, 5
1070, 6
1071, 2
1072, 5
1073, 9
1074, 7
1075, 8
1076, 1
1077, 1
1078, 5
1079, 1
1080, 7
1081, 4
1082, 3
1083, 7
1084, 2
1085, 0
1086, 0
1087, 0
1088, 1
1089, 9
1090, 2
1091, 4
1092, 2
1093, 6
1094, 8
1095, 2
1096, 3
1097, 0
1098, 4
1099, 2
1100, 7
1101, 3
1102, 0
1103, 8
1104, 3
1105, 6
1106, 3
1107, 8
1108, 4
1109, 3
1110, 8
1111, 7
1112, 9
1113, 0
1114, 3
1115, 8
1116, 3
1117, 0
1118, 4
1119, 9
1120, 8
1121, 8
1122, 7
1123, 6
1124, 5
1125, 1
1126, 5
1127, 7
1128, 7
1129, 1
1130, 6
1131, 8
1132, 8
1133, 2
1134, 8
1135, 0
1136, 6
1137, 0
1138, 6
1139, 7
1140, 0
1141, 6
1142, 5
1143, 6
1144, 6
1145, 5
1146, 3
1147, 8
1148, 0
1149, 7
1150, 2
1151, 9
1152, 3
1153, 1
1154, 9
1155, 1
1156, 9
1157, 3
1158, 8
1159, 8
1160, 3
1161, 3
1162, 2
1163, 4
1164, 8
1165, 1
1166, 8
1167, 1
1168, 0
1169, 9
1170, 0
1171, 1
1172, 1
1173, 1
1174, 2
1175, 7
1176, 4
1177, 9
1178, 3
1179, 2
1180, 6
1181, 0
1182, 0
1183, 4
1184, 2
1185, 6
1186, 6
1187, 6
1188, 6
1189, 7
1190, 7
1191, 0
1192, 8
1193, 1
1194, 7
1195, 2
1196, 6
1197, 5
1198, 5
1199, 4
1200, 6
1201, 8
1202, 5
1203, 2
1204, 6
1205, 7
1206, 6
1207, 8
1208, 3
1209, 5
1210, 3
1211, 7
1212, 4
1213, 5
1214, 1
1215, 3
1216, 2
1217, 1
1218, 3
1219, 5
1220, 0
1221, 8
1222, 9
1223, 1
1224, 0
1225, 2
1226, 9
1227, 1
1228, 1
1229, 3
1230, 5
1231, 2
1232, 7
1233, 0
1234, 1
1235, 0
1236, 7
1237, 3
1238, 5
1239, 7
1240, 2
1241, 1
1242, 9
1243, 7
1244, 1
1245, 3
1246, 0
1247, 7
1248, 6
1249, 2
1250, 3
1251, 3
1252, 4
1253, 2
1254, 7
1255, 0
1256, 8
1257, 0
1258, 9
1259, 1
1260, 7
1261, 9
1262, 3
1263, 7
1264, 4
1265, 8
1266, 6
1267, 5
1268, 3
1269, 1
1270, 5
1271, 4
1272, 2
1273, 3
1274, 8
1275, 1
1276, 1
1277, 4
1278, 3
1279, 5
1280, 9
1281, 7
1282, 6
1283, 4
1284, 0
1285, 0
1286, 1
1287, 7
1288, 6
1289, 7
1290, 9
1291, 1
1292, 1
1293, 1
1294, 3
1295, 2
1296, 8
1297, 8
1298, 0
1299, 6
1300, 2
1301, 0
1302, 5
1303, 6
1304, 8
1305, 2
1306, 9
1307, 8
1308, 2
1309, 9
1310, 7
1311, 8
1312, 2
1313, 6
1314, 3
1315, 9
1316, 1
1317, 7
1318, 8
1319, 2
1320, 6
1321, 1
1322, 6
1323, 4
1324, 3
1325, 2
1326, 9
1327, 1
1328, 2
1329, 9
1330, 2
1331, 7
1332, 1
1333, 8
1334, 8
1335, 8
1336, 2
1337, 8
1338, 9
1339, 9
1340, 7
1341, 9
1342, 0
1343, 4
1344, 0
1345, 1
1346, 6
1347, 1
1348, 2
1349, 9
1350, 0
1351, 7
1352, 1
1353, 6
1354, 4
1355, 2
1356, 0
1357, 4
1358, 1
1359, 0
1360, 1
1361, 2
1362, 3
1363, 6
1364, 0
1365, 9
1366, 8
1367, 0
1368, 1
1369, 1
1370, 4
1371, 3
1372, 1
1373, 5
1374, 4
1375, 7
1376, 5
1377, 9
1378, 0
1379, 3
1380, 8
1381, 9
1382, 2
1383, 4
1384, 1
1385, 9
1386, 7
1387, 2
1388, 9
1389, 4
1390, 7
1391, 0
1392, 9
1393, 8
1394, 2
1395, 9
1396, 6
1397, 2
1398, 5
1399, 2
1400, 5
1401, 6
1402, 3
1403, 8
1404, 8
1405, 5
1406, 9
1407, 9
1408, 5
1409, 4
1410, 0
1411, 3
1412, 5
1413, 0
1414, 3
1415, 0
1416, 1
1417, 9
1418, 2
1419, 0
1420, 0
1421, 0
1422, 8
1423, 2
1424, 5
1425, 6
1426, 9
1427, 9
1428, 9
1429, 9
1430, 8
1431, 7
1432, 6
1433, 5
1434, 0
1435, 4
1436, 7
1437, 8
1438, 8
1439, 9
1440, 0
1441, 0
1442, 1
1443, 0
1444, 1
1445, 9
1446, 8
1447, 7
1448, 3
1449, 7
1450, 8
1451, 9
1452, 1
1453, 8
1454, 0
1455, 3
1456, 6
1457, 5
1458, 1
1459, 0
1460, 4
1461, 0
1462, 1
1463, 9
1464, 4
1465, 7
1466, 3
1467, 4
1468, 9
1469, 5
1470, 5
1471, 0
1472, 5
1473, 5
1474, 5
1475, 0
1476, 5
1477, 7
1478, 8
1479, 1
1480, 8
1481, 7
1482, 5
1483, 4
1484, 1
1485, 1
1486, 1
1487, 5
1488, 6
1489, 9
1490, 1
1491, 7
1492, 5
1493, 6
1494, 9
1495, 6
1496, 5
1497, 9
1498, 0
1499, 5
1500, 2
1501, 0
1502, 8
1503, 0
1504, 5
1505, 4
1506, 2
1507, 1
1508, 5
1509, 5
1510, 5
1511, 6
1512, 7
1513, 8
1514, 9
1515, 9
1516, 7
1517, 7
1518, 9
1519, 2
1520, 9
1521, 7
1522, 0
1523, 9
1524, 5
1525, 3
1526, 7
1527, 8
1528, 2
1529, 4
1530, 2
1531, 9
1532, 3
1533, 6
1534, 6
1535, 3
1536, 8
1537, 6
1538, 8
1539, 6
1540, 9
1541, 9
1542, 5
1543, 8
1544, 8
1545, 6
1546, 6
1547, 8
1548, 5
1549, 6
1550, 9
1551, 8
1552, 4
1553, 3
1554, 5
1555, 1
1556, 8
1557, 6
1558, 8
1559, 8
1560, 3
1561, 3
1562, 4
1563, 5
1564, 6
1565, 0
1566, 7
1567, 2
1568, 0
1569, 9
1570, 6
1571, 3
1572, 0
1573, 7
1574, 2
1575, 4
1576, 7
1577, 3
1578, 2
1579, 8
1580, 4
1581, 3
1582, 7
1583, 0
1584, 3
1585, 2
1586, 9
1587, 5
1588, 0
1589, 5
1590, 1
1591, 2
1592, 6
1593, 1
1594, 1
1595, 7
1596, 7
1597, 3
1598, 6
1599, 9
1600, 8
1601, 0
1602, 6
1603, 6
1604, 6
1605, 6
1606, 1
1607, 2
1608, 1
1609, 7
1610, 1
1611, 7
1612, 2
1613, 1
1614, 9
1615, 3
1616, 6
1617, 2
1618, 0
1619, 3
1620, 1
1621, 4
1622, 3
1623, 8
1624, 6
1625, 3
1626, 6
1627, 3
1628, 8
1629, 4
1630, 2
1631, 5
1632, 8
1633, 9
1634, 9
1635, 1
1636, 1
1637, 5
1638, 2
1639, 6
1640, 2
1641, 3
1642, 7
1643, 0
1644, 1
1645, 7
1646, 1
1647, 1
1648, 1
1649, 8
1650, 2
1651, 3
1652, 8
1653, 1
1654, 0
1655, 2
1656, 7
1657, 3
1658, 8
1659, 4
1660, 5
1661, 3
1662, 0
1663, 0
1664, 0
1665, 8
1666, 9
1667, 7
1668, 0
1669, 6
1670, 4
1671, 0
1672, 6
1673, 6
1674, 7
1675, 0
1676, 2
1677, 1
1678, 8
1679, 3
1680, 5
1681, 4
1682, 6
1683, 8
1684, 2
1685, 1
1686, 7
1687, 8
1688, 5
1689, 8
1690, 8
1691, 2
1692, 4
1693, 2
1694, 3
1695, 0
1696, 9
1697, 8
1698, 6
1699, 3
1700, 3
1701, 0
1702, 8
1703, 3
1704, 0
1705, 0
1706, 3
1707, 3
1708, 1
1709, 1
1710, 3
1711, 0
1712, 4
1713, 2
1714, 1
1715, 0
1716, 2
1717, 0
1718, 9
1719, 4
1720, 2
1721, 4
1722, 1
1723, 4
1724, 2
1725, 6
1726, 3
1727, 0
1728, 6
1729, 0
1730, 3
1731, 5
1732, 0
1733, 1
1734, 4
1735, 0
1736, 0
1737, 2
1738, 4
1739, 1
1740, 8
1741, 0
1742, 9
1743, 6
1744, 8
1745, 6
1746, 0
1747, 2
1748, 4
1749, 6
1750, 9
1751, 1
1752, 4
1753, 9
1754, 9
1755, 7
1756, 7
1757, 4
1758, 3
1759, 1
1760, 4
1761, 9
1762, 7
1763, 6
1764, 4
1765, 6
1766, 9
1767, 0
1768, 0
1769, 0
1770, 9
1771, 9
1772, 6
1773, 8
1774, 6
1775, 7
1776, 7
1777, 9
1778, 9
1779, 0
1780, 5
1781, 6
1782, 4
1783, 4
1784, 7
1785, 0
1786, 1
1787, 7
1788, 1
1789, 3
1790, 9
1791, 2
1792, 6
1793, 6
1794, 9
1795, 2
1796, 9
1797, 2
1798, 7
1799, 0
1800, 4
1801, 2
1802, 3
1803, 5
1804, 8
1805, 1
1806, 9
1807, 6
1808, 1
1809, 4
1810, 4
1811, 8
1812, 5
1813, 1
1814, 6
1815, 6
1816, 0
1817, 9
1818, 1
1819, 9
1820, 1
1821, 0
1822, 4
1823, 0
1824, 5
1825, 7
1826, 9
1827, 3
1828, 5
1829, 4
1830, 5
1831, 6
1832, 1
1833, 7
1834, 0
1835, 7
1836, 6
1837, 1
1838, 7
1839, 0
1840, 1
1841, 2
1842, 7
1843, 9
1844, 3
1845, 1
1846, 4
1847, 1
1848, 8
1849, 7
1850, 0
1851, 5
1852, 4
1853, 3
1854, 2
1855, 9
1856, 0
1857, 1
1858, 4
1859, 9
1860, 4
1861, 0
1862, 9
1863, 0
1864, 2
1865, 6
1866, 7
1867, 1
1868, 0
1869, 2
1870, 6
1871, 8
1872, 3
1873, 8
1874, 3
1875, 7
1876, 2
1877, 1
1878, 3
1879, 9
1880, 5
1881, 2
1882, 6
1883, 6
1884, 3
1885, 6
1886, 3
1887, 4
1888, 9
1889, 0
1890, 5
1891, 1
1892, 5
1893, 5
1894, 3
1895, 9
1896, 8
1897, 3
1898, 5
1899, 4
1900, 5
1901, 6
1902, 8
1903, 8
1904, 3
1905, 3
1906, 6
1907, 9
1908, 5
1909, 2
1910, 2
1911, 8
1912, 8
1913, 2
1914, 2
1915, 6
1916, 1
1917, 4
1918, 5
1919, 9
1920, 0
1921, 7
1922, 0
1923, 8
1924, 7
1925, 7
1926, 9
1927, 5
1928, 3
1929, 8
1930, 8
1931, 1
1932, 9
1933, 2
1934, 0
1935, 6
1936, 3
1937, 5
1938, 8
1939, 8
1940, 6
1941, 8
1942, 6
1943, 2
1944, 0
1945, 6
1946, 1
1947, 0
1948, 3
1949, 9
1950, 9
1951, 2
1952, 3
1953, 0
1954, 3
1955, 7
1956, 3
1957, 6
1958, 1
1959, 5
1960, 9
1961, 3
1962, 3
1963, 3
1964, 8
1965, 0
1966, 1
1967, 2
1968, 3
1969, 8
1970, 7
1971, 2
1972, 3
1973, 7
1974, 0
1975, 3
1976, 2
1977, 8
1978, 4
1979, 8
1980, 3
1981, 0
1982, 8
1983, 5
1984, 3
1985, 6
1986, 2
1987, 5
1988, 8
1989, 9
1990, 4
1991, 5
1992, 7
1993, 9
1994, 3
1995, 4
1996, 4
1997, 6
1998, 6
1999, 9
